Material:
  Colour: [0.0504464693, 0.592870712, 0.725868702, 1]
  Tiling: 1
  Texture: 199469299191224083