Material:
  Colour: [1, 0.615986645, 0.135135114, 1]
  Tiling: 1